Random [42213, 5978, 11898, 72230, 113897, 18578, 13834, 43986, 87518, 64991] AVG 47512.3
Random [42213, 17876, 7487, 64743, 113897, 48870, 27528, 152509, 13168, 127285] AVG 61557.6
Random [42213, 29296, 33433, 141274, 9110, 9468, 30293, 27527, 152509, 13167] AVG 48829.0
Random [681, 41532, 29296, 33433, 27377, 113897, 48870, 180037, 13181, 127272] AVG 61557.6
Random [12186, 18517, 18310, 45035, 38271, 113897, 48870, 27309, 152728, 13168] AVG 48829.1
Random [11896, 7015, 30112, 7533, 3533, 72230, 113897, 48871, 27308, 152728] AVG 47512.3
Random [42213, 17876, 11420, 33433, 141274, 48871, 27527, 4821, 147688, 42936] AVG 51805.9
V1 [42213, 17876, 11424, 33429, 7323, 133951, 48870, 180037, 13168, 127285] AVG 61557.6
V1 [42213, 6804, 11072, 11420, 33433, 141274, 9110, 9468, 30292, 180037] AVG 47512.3
V1 [42213, 14343, 48386, 141274, 48871, 180036, 13168, 29768, 97517, 5953] AVG 62152.9
V1 [680, 11216, 30317, 5978, 56751, 7323, 133951, 9110, 9463, 13839, 16459, 27527, 4821, 82697, 64991, 13167, 127286, 31906, 34227, 23127, 13921, 124885, 3585, 29625, 87874, 22820, 278251, 24958, 20922, 121285, 40990, 81842, 132797, 26407, 11312, 34513, 9415, 57572, 120537, 61242, 11194, 18666, 17889, 60513, 36437, 90405, 44320, 63540, 67817, 16994, 14048, 27209, 33573, 6777, 86040, 330284, 55744, 9814, 69155, 47078, 23798, 54251, 14107, 41412, 70016, 41111, 22608, 68010, 92743, 62723, 53224, 81951, 57491, 25376, 139395, 6586, 15227, 16196, 1846, 6620, 26481, 12773, 124867, 21416, 96360, 24511, 22579, 25738, 2271, 33901, 81147, 29004, 52496, 16849, 109910, 67928, 21666, 29509, 19880, 33219] AVG 48642.82
V2 [42213, 62729, 7323, 20054, 113897, 48870, 19948, 7363, 152726, 6418] AVG 48154.1
V2 [179319, 13883, 41609, 31787, 5380, 2270, 5156, 1071, 26792, 2340] AVG 30960.7
V2 [218221, 29857, 13174, 5742, 4236, 5420, 38017, 13349, 5813, 2773] AVG 33660.2
V3 [168518, 23631, 42592, 19554, 28997, 5250, 4705, 2809, 8891, 9511] AVG 31445.8
V3 [250660, 16849, 3271, 9614, 33325, 3357, 3254, 7701, 2154, 25339] AVG 35552.4
V3 [234882, 1654, 3691, 24354, 5507, 2406, 2791, 6118, 36751, 20357] AVG 33851.1
V3 [154532, 5562, 6297, 1988, 2448, 6585, 3532, 84313, 4177, 30414] AVG 29984.8
V3 [161297, 6526, 22346, 15177, 2898, 14161, 62914, 5230, 23059, 17511] AVG 33111.9
V3 [242011, 20747, 17953, 12786, 10525, 4683, 3962, 32509, 26773, 3341] AVG 37529.0
V3 [140961, 6772, 3773, 24663, 3613, 7019, 1033, 3755, 5711, 20884] AVG 21818.4
V3 [106120, 12624, 4328, 920, 5012, 26021, 10023, 43665, 11063, 4316] AVG 22409.2
V3 [78474, 9417, 23898, 20290, 7808, 4636, 15576, 1577, 7211, 3943] AVG 17283.0
V3 [211962, 4244, 4075, 2338, 1666, 1819, 1370, 4248, 16462, 5594] AVG 25377.8
V3 [126301, 51228, 9984, 14735, 1440, 15769, 30389, 4963, 6518, 4496] AVG 26582.3
V3 [69278, 28027, 22606, 2981, 13926, 10173, 18822, 14717, 31496, 17216] AVG 22924.2
V3 [118166, 5816, 5836, 12145, 2124, 5943, 9821, 72490, 8055, 7013, 5412, 902, 23217, 2501, 13268, 3624, 9578, 7790, 2748, 23903, 1910, 5709, 5706, 3750, 20829, 10706, 13045, 12592, 3898, 13215, 3826, 5814, 13136, 31445, 12764, 49566, 8089, 4274, 26426, 5219, 16102, 4704, 47010, 8772, 2536, 2424, 3766, 8187, 13166, 9954, 33150, 19012, 4836, 3811, 17324, 32578, 5463, 21357, 5356, 37679, 18348, 8841, 5312, 11740, 27249, 27214, 15755, 16264, 14374, 21063, 26522, 14675, 10574, 3252, 12594, 5590, 5231, 5937, 8580, 9949, 5101, 66145, 12130, 3004, 3345, 52832, 923, 2628, 6060, 17413, 2122, 3059, 13547, 12800, 21528, 11075, 10762, 10542, 6917, 21306] AVG 14417.61
V3 [197445, 8497, 6470, 10631, 4217, 2911, 8224, 3252, 19174, 22587, 4515, 9964, 3881, 10493, 3257, 13462, 3665, 7738, 11122, 10949, 8689, 5131, 3336, 9463, 17296, 4650, 4338, 4459, 1470, 4273, 11494, 3737, 2257, 2469, 2765, 5711, 7729, 17331, 4225, 9761, 7868, 5882, 5158, 1075, 3032, 3110, 2360, 3007, 15128, 6068, 11166, 19450, 1609, 3192, 1220, 5961, 1327, 1319, 8242, 2797, 2501, 3223, 1738, 13788, 2404, 453, 11887, 684, 1665, 13217, 7975, 1625, 1753, 8089, 7173, 6629, 9180, 29558, 21990, 1798, 20694, 14266, 43428, 8720, 6549, 795, 3498, 4103, 1630, 4914, 2285, 1532, 10550, 27708, 3878, 5871, 3813, 11385, 3808, 35452] AVG 9642.18
V3 [88130, 32731, 11160, 13288, 40355, 40860, 34919, 49622, 45217, 11235, 14687, 4871, 27755, 24353, 5430, 45347, 35000, 8826, 29131, 10949, 4207, 45066, 76145, 3536, 105398, 39517, 20356, 69425, 52117, 12518, 17228, 55155, 29851, 4888, 8213, 5513, 14592, 50749, 47239, 7604, 6191, 18914, 22659, 71903, 103472, 74097, 3791, 83865, 9070, 21774, 83726, 64760, 68351, 28378, 26910, 14318, 37827, 155000, 56896, 43863, 22783, 22896, 35518, 21558, 119249, 41472, 11510, 176055, 44489, 39637, 26928, 76879, 29241, 21648, 9358, 2554, 1352, 121143, 45344, 47581, 6361, 72158, 16545, 144079, 10432, 96993, 79385, 27046, 50639, 91861, 51722, 30078, 14656, 171500, 22062, 91905, 53644, 33561, 16956, 56584] AVG 42943.1
V3 [83003, 29049, 10240, 14923, 7179, 10124, 17123, 11224, 5990, 18649, 13460, 26913, 2522, 13290, 46191, 10955, 34972, 36832, 9436, 51198, 21407, 19231, 53499, 11812, 8920, 1904, 96557, 31187, 4342, 30767, 7686, 6070, 29149, 33323, 63346, 3008, 22405, 21960, 64888, 3507, 40794, 9793, 121144, 44254, 32183, 23831, 57325, 11134, 28495, 63837, 9476, 12146, 15794, 12456, 21752, 4265, 14795, 13836, 7772, 39630, 17499, 6697, 36035, 12234, 75154, 25734, 43332, 20720, 9593, 13746, 22566, 21025, 19449, 27477, 28419, 18679, 18034, 1908, 5082, 45670, 142779, 34614, 3214, 13385, 12844, 28488, 1012, 23319, 16718, 6557, 16400, 5307, 24103, 40142, 10526, 26718, 69775, 2529, 35487, 13865] AVG 25697.88
V3 [123752, 11928, 18227, 1307, 2316, 2176, 46940, 3842, 893, 2436, 16450, 2869, 9597, 15991, 2850, 5784, 10550, 42684, 10955, 2445, 5356, 5290, 3243, 6382, 3787, 4071, 38131, 5421, 23910, 2303, 10816, 6366, 2827, 32084, 11954, 3965, 4145, 1565, 4556, 8124, 18691, 2685, 2433, 6389, 3198, 11569, 33375, 14204, 3248, 2481, 3678, 3168, 18854, 1491, 44007, 15177, 6311, 16844, 11518, 2020, 4329, 29651, 45007, 22500, 6638, 28240, 4878, 10199, 1657, 28062, 14029, 3519, 11773, 2886, 4637, 4875, 9618, 3020, 2951, 4092, 7284, 2035, 11910, 1464, 3709, 3269, 5488, 2981, 7887, 1311, 6269, 7397, 6259, 3765, 10384, 6071, 9880, 1804, 1593, 3604] AVG 10865.54
V3 [160483, 15803, 4693, 2171, 11994, 47914, 15827, 1408, 10027, 6773, 27168, 2882, 1673, 5781, 11835, 3073, 10538, 1819, 1389, 6070, 7783, 3981, 3165, 20439, 32698, 10936, 8918, 2079, 8309, 7123, 4193, 4155, 986, 3121, 6027, 11048, 13918, 6222, 52425, 2181, 24579, 6717, 8386, 1260, 1867, 909, 2656, 1350, 1486, 7528, 2620, 1404, 4515, 7434, 24695, 8302, 8098, 5342, 6785, 4891, 14047, 19122, 6708, 2388, 4076, 10915, 9679, 19399, 54333, 2091, 3142, 4469, 885, 3209, 2905, 8635, 10594, 2545, 1594, 6373, 4055, 8601, 20494, 32407, 4361, 6419, 2260, 2232, 2716, 12572, 1928, 1307, 6460, 5055, 7252, 3398, 3036, 1369, 8331, 17568] AVG 10287.82
V3 [127677, 67959, 54240, 9037, 5112, 5714, 7803, 12885, 2002, 3162, 2388, 8894, 3030, 1604, 21752, 5289, 10297, 2048, 2499, 2980, 6172, 2297, 1433, 13101, 8845, 7997, 22788, 41898, 4526, 20373, 54339, 6295, 18211, 8375, 13903, 6156, 5460, 4144, 7223, 7169, 15228, 5611, 8432, 3990, 9303, 1731, 16883, 4024, 10808, 16262, 23510, 10522, 17948, 29669, 8516, 3858, 3349, 1365, 742, 1953, 5706, 6761, 4237, 2423, 2444, 1110, 1183, 1148, 2505, 2865, 5321, 1862, 1671, 1365, 5727, 18195, 9768, 19331, 9732, 18270, 1854, 22701, 6359, 2199, 7160, 10361, 3464, 6574, 10262, 5000, 4432, 2775, 2474, 9540, 8080, 1862, 13842, 51818, 7404, 5567] AVG 11161.33
V3 [137086, 2365, 20475, 10574, 19264, 11271, 45763, 3497, 7092, 4593, 2643, 2864, 8215, 11375, 1395, 3339, 7154, 2565, 2918, 863, 18589, 9172, 7409, 17326, 1472, 6393, 1004, 22920, 6327, 7879, 7512, 6104, 8908, 50052, 52903, 8209, 5305, 2764, 66856, 7908, 10799, 3333, 12240, 3291, 6413, 6666, 2143, 7896, 2661, 12773, 5022, 1284, 1885, 8062, 4584, 1857, 1502, 2613, 1175, 5010, 15262, 4977, 3844, 5086, 5763, 8341, 11581, 7753, 560, 1475, 3169, 43499, 7754, 4478, 18306, 11485, 5315, 6291, 11155, 22028, 8419, 3116, 8330, 5575, 5382, 8576, 20849, 8956, 7838, 2849, 703, 8220, 10983, 1262, 17023, 15614, 5561, 2029, 3960, 36415] AVG 11013.14
V3 [185034, 17988, 34075, 10503, 675, 39169, 8643, 12490, 18074, 7597, 5553, 8863, 21501, 3370, 5226, 4174, 11113, 11320, 6443, 18673, 25993, 63678, 8194, 23527, 1537, 2420, 51160, 11462, 13517, 2460, 15851, 2838, 8262, 5262, 2510, 18449, 10654, 2680, 13677, 5223, 7382, 1159, 3549, 4486, 3641, 5468, 2679, 8146, 15474, 7082, 2149, 4008, 42986, 12677, 2312, 13644, 3383, 3788, 11584, 16551, 2619, 6821, 4355, 4955, 2297, 6158, 6435, 14306, 13584, 27289, 12161, 28759, 19337, 29878, 3221, 24282, 21420, 1430, 18192, 2531, 5518, 11984, 4208, 25048, 3742, 29084, 2173, 2173, 11514, 29392, 6420, 59044, 55314, 27801, 14118, 5673, 7010, 2357, 27785, 7828] AVG 14802.02
